0 0 0 0 0 0 0
0 0 78 0 0 0 17
0 0 0 0 0 0 0
0 80 0 0 0 0 0
0 0 0 0 0 1 74
0 0 0 77 0 0 0
0 0 0 0 0 0 44
0 0 0 91 0 86 0
0 0 0 0 0 0 8
0 0 76 0 0 0 1
0 0 0 44 0 0 0
0 0 0 0 0 0 0
0 0 0 1 0 0 0
0 0 0 0 0 0 0
0 1 1 0 0 0 0
0 0 0 0 0 0 0
0 0 0 1 0 43 0
0 0 62 0 0 0 0
0 0 0 0 0 0 0
0 0 0 0 0 0 0
32 0 0 0 0 0 0
96 0 0 0 0 0 0
0 0 0 0 0 0 0
0 47 0 0 90 0 0
0 0 0 0 0 0 0
0 0 0 0 0 0 0
57 0 0 1 1 1 0
0 0 60 0 83 4 0
0 0 0 0 0 0 0
42 0 0 0 80 68 0
0 1 0 0 0 0 0
0 88 0 0 95 0 0
0 0 0 0 26 0 0
1 0 0 0 0 0 0
0 0 0 0 1 0 0
0 0 1 0 0 1 0
0 34 0 38 0 0 0
0 0 0 20 0 14 0
0 0 0 0 0 0 47
0 0 0 0 0 28 0
0 0 0 0 0 98 0
0 0 0 0 0 0 0
0 0 0 20 0 0 0
0 0 0 0 0 0 63
0 0 0 0 75 0 0
0 24 0 0 5 0 48
0 0 0 0 0 38 0
0 0 0 0 0 0 0
0 0 93 0 0 0 0
0 0 0 0 0 0 0
0 0 0 0 0 0 0
0 0 0 0 1 0 28
